10
20 30
39 53
61 91
2 45
41 80
3 39
13 50
6 41
12 83
26 28
26 35
47 82
6 87
25 26
1 29
95 97
3 40
23 42
1 97
23 77
23 76

20 34
15 50
13 69
78 88
14 65
7 57
5 71
39 73
17 49
4 53
40 85
17 39
67 87
30 53
38 91
32 78
47 50
38 42
24 45
40 86
4 73

20 43
21 46
60 89
74 95
17 32
70 73
91 96
51 62
57 75
55 87
57 79
9 78
21 56
89 94
42 65
27 56
11 66
54 93
18 90
31 32
29 89

20 63
61 71
44 57
33 60
5 50
56 87
4 71
12 47
13 76
48 59
57 62
39 43
9 40
44 97
22 43
64 81
47 80
40 51
11 83
60 88
48 67

20 24
26 98
52 66
5 15
70 88
19 96
23 25
66 86
29 96
26 91
22 58
7 58
18 53
60 64
45 86
35 89
5 83
21 65
1 80
1 7
47 52

20 31
44 69
35 50
73 74
32 89
28 42
21 29
14 44
17 28
16 37
37 84
29 38
64 67
36 91
50 65
4 92
13 43
2 54
54 64
49 50
5 75

20 12
46 91
77 84
60 66
48 71
36 73
12 13
74 76
31 60
12 13
51 94
30 86
50 60
10 62
1 81
32 51
8 22
8 42
31 48
57 92
34 46

20 23
4 12
2 26
9 46
40 84
4 8
21 87
16 47
75 97
60 87
6 21
70 90
77 83
4 43
55 88
32 93
7 73
29 60
62 63
49 90
20 97

20 72
38 56
49 92
12 53
23 33
71 82
75 94
71 87
82 91
65 67
60 89
12 18
8 24
88 94
33 35
1 81
61 89
15 27
15 87
59 74
72 83

20 60
9 43
61 79
37 78
3 57
31 47
24 67
50 60
33 60
59 83
54 80
49 87
49 56
5 9
17 28
9 91
9 42
21 60
19 57
48 76
6 96

